http_api: 000000000000000000000000

home_latitude: 00.00000
home_longitude: 00.0000
home_elevation: 0

work_latitude: 00.00000
work_longitude: 00.0000

arlo_user: abc
arlo_pass: 123

tado_user: abc
tado_pass: 123
tado_homeid: 12345

darksky: 123456789

